2004	3	10	6	11.9
2004	3	10	7	9.4
2004	3	10	8	9.0
2004	3	10	9	9.2
2004	3	10	10	6.5
2004	3	10	11	4.7
2004	3	11	12	3.6
2004	3	11	1	3.3
2004	3	11	2	2.3
2004	3	11	3	1.7
2004	3	11	4	1.3
2004	3	11	5	1.1
2004	3	11	6	1.6
2004	3	11	7	3.2
2004	3	11	8	8.0
2004	3	11	9	9.5
2004	3	11	10	6.3
2004	3	11	11	5.0
2004	3	11	12	5.2
2004	3	11	1	7.3
2004	3	11	2	11.5
2004	3	11	3	8.8
2004	3	11	4	8.3
2004	3	11	5	11.2
2004	3	11	6	20.8
2004	3	11	7	27.4
2004	3	11	8	24.0
2004	3	11	9	12.8
2004	3	11	10	4.7
2004	3	11	11	2.6
2004	3	12	12	5.9
2004	3	12	1	6.4
2004	3	12	2	4.1
2004	3	12	3	1.9
2004	3	12	4	1.1
2004	3	12	5	1.0
2004	3	12	6	1.8
2004	3	12	7	4.4
2004	3	12	8	17.9
2004	3	12	9	22.1
2004	3	12	10	14.0
2004	3	12	11	11.6
2004	3	12	12	10.2
2004	3	12	1	11.0
2004	3	12	2	12.8
2004	3	12	3	14.2
2004	3	12	4	12.7
2004	3	12	5	11.7
2004	3	12	6	19.3
2004	3	12	7	18.2
2004	3	12	8	32.6
2004	3	12	9	20.1
2004	3	12	10	14.3
2004	3	12	11	21.8
2004	3	13	12	9.6
2004	3	13	1	7.4
2004	3	13	2	5.4
2004	3	13	3	5.4
2004	3	13	4	6.2
2004	3	13	5	2.6
2004	3	13	6	2.9
2004	3	13	7	5.1
2004	3	13	8	11.8
2004	3	13	9	15.1
2004	3	13	10	12.9
2004	3	13	11	16.1
2004	3	13	12	14.0
2004	3	13	1	12.3
2004	3	13	2	8.6
2004	3	13	3	9.2
2004	3	13	4	10.2
2004	3	13	5	10.6
2004	3	13	6	15.5
2004	3	13	7	19.6
2004	3	13	8	19.2
2004	3	13	9	18.3
2004	3	13	10	13.1
2004	3	13	11	10.9
2004	3	14	12	11.0
2004	3	14	1	11.9
2004	3	14	2	8.6
2004	3	14	3	9.7
2004	3	14	4	5.2
2004	3	14	5	3.7
2004	3	14	6	2.5
2004	3	14	7	2.4
2004	3	14	8	4.2
2004	3	14	9	6.4
2004	3	14	10	8.6
2004	3	14	11	10.9
2004	3	14	12	10.7
2004	3	14	1	7.5
2004	3	14	2	7.5
2004	3	14	3	8.2
2004	3	14	4	11.9
2004	3	14	5	12.0
2004	3	14	6	12.2
2004	3	14	7	20.6
2004	3	14	8	23.1
2004	3	14	9	14.7
2004	3	14	10	9.0
2004	3	14	11	8.8
2004	3	15	12	7.4
2004	3	15	1	6.9
2004	3	15	2	7.0
2004	3	15	3	4.4
2004	3	15	4	4.0
2004	3	15	5	3.9
2004	3	15	6	6.4
2004	3	15	7	9.7
2004	3	15	8	25.9
2004	3	15	9	36.7
2004	3	15	10	26.6
2004	3	15	11	20.1
2004	3	15	12	14.1
2004	3	15	1	14.9
2004	3	15	2	15.4
2004	3	15	3	12.1
2004	3	15	4	11.5
2004	3	15	5	14.8
2004	3	15	6	32.1
2004	3	15	7	39.2
2004	3	15	8	31.0
2004	3	15	9	19.9
2004	3	15	10	15.3
2004	3	15	11	6.9
2004	3	16	12	11.1
2004	3	16	1	5.4
2004	3	16	2	2.8
2004	3	16	3	2.3
2004	3	16	4	2.6
2004	3	16	5	2.0
2004	3	16	6	3.5
2004	3	16	7	5.1
2004	3	16	8	16.2
2004	3	16	9	19.7
2004	3	16	10	25.1
2004	3	16	11	20.0
2004	3	16	12	18.3
2004	3	16	1	22.3
2004	3	16	2	20.4
2004	3	16	3	14.6
2004	3	16	4	16.6
2004	3	16	5	15.8
2004	3	16	6	17.8
2004	3	16	7	19.1
2004	3	16	8	15.8
2004	3	16	9	24.9
2004	3	16	10	13.5
2004	3	16	11	9.1
2004	3	17	12	8.6
2004	3	17	1	5.4
2004	3	17	2	4.1
2004	3	17	3	2.6
2004	3	17	4	1.9
2004	3	17	5	1.6
2004	3	17	6	1.9
2004	3	17	7	7.5
2004	3	17	8	21.4
2004	3	17	9	36.4
2004	3	17	10	21.3
2004	3	17	11	15.4
2004	3	17	12	12.5
2004	3	17	1	15.1
2004	3	17	2	13.7
2004	3	17	3	10.4
2004	3	17	4	15.2
2004	3	17	5	12.3
2004	3	17	6	27.0
2004	3	17	7	38.4
2004	3	17	8	35.1
2004	3	17	9	27.2
2004	3	17	10	15.0
2004	3	17	11	15.7
2004	3	18	12	13.0
2004	3	18	1	8.1
2004	3	18	2	5.5
2004	3	18	3	3.6
2004	3	18	4	2.9
2004	3	18	5	2.5
2004	3	18	6	3.0
2004	3	18	7	7.7
2004	3	18	8	23.3
2004	3	18	9	35.8
2004	3	18	10	21.3
2004	3	18	11	14.3
2004	3	18	12	12.5
2004	3	18	1	12.2
2004	3	18	2	13.1
2004	3	18	3	14.4
2004	3	18	4	16.8
2004	3	18	5	14.5
2004	3	18	6	21.5
2004	3	18	7	26.4
2004	3	18	8	26.0
2004	3	18	9	14.1
2004	3	18	10	10.3
2004	3	18	11	8.3
2004	3	19	12	8.9
2004	3	19	1	6.6
2004	3	19	2	3.6
2004	3	19	3	2.5
2004	3	19	4	1.8
2004	3	19	5	1.3
2004	3	19	6	2.3
2004	3	19	7	6.7
2004	3	19	8	22.8
2004	3	19	9	31.3
2004	3	19	10	19.2
2004	3	19	11	16.4
2004	3	19	12	14.0
2004	3	19	1	15.3
2004	3	19	2	16.7
2004	3	19	3	19.0
2004	3	19	4	19.4
2004	3	19	5	20.9
2004	3	19	6	20.2
2004	3	19	7	21.7
2004	3	19	8	19.8
2004	3	19	9	16.7
2004	3	19	10	9.1
2004	3	19	11	8.3
2004	3	20	12	5.8
2004	3	20	1	5.2
2004	3	20	2	4.1
2004	3	20	3	3.4
2004	3	20	4	2.9
2004	3	20	5	3.1
2004	3	20	6	2.5
2004	3	20	7	4.3
2004	3	20	8	8.9
2004	3	20	9	10.5
2004	3	20	10	12.5
2004	3	20	11	12.3
2004	3	20	12	11.7
2004	3	20	1	11.7
2004	3	20	2	9.3
2004	3	20	3	7.6
2004	3	20	4	6.7
2004	3	20	5	9.7
2004	3	20	6	12.4
2004	3	20	7	16.6
2004	3	20	8	16.4
2004	3	20	9	13.7
2004	3	20	10	9.9
2004	3	20	11	8.9
2004	3	21	12	10.6
2004	3	21	1	7.4
2004	3	21	2	6.2
2004	3	21	3	6.5
2004	3	21	4	5.8
2004	3	21	5	4.0
2004	3	21	6	2.1
2004	3	21	7	3.6
2004	3	21	8	4.4
2004	3	21	9	5.4
2004	3	21	10	7.1
2004	3	21	11	7.3
2004	3	21	12	7.6
2004	3	21	1	6.8
2004	3	21	2	4.6
2004	3	21	3	8.4
2004	3	21	4	6.9
2004	3	21	5	9.0
2004	3	21	6	15.1
2004	3	21	7	12.6
2004	3	21	8	15.1
2004	3	21	9	9.9
2004	3	21	10	8.0
2004	3	21	11	7.9
2004	3	22	12	6.1
2004	3	22	1	5.1
2004	3	22	2	1.7
2004	3	22	3	0.7
2004	3	22	4	0.8
2004	3	22	5	0.7
2004	3	22	6	2.0
2004	3	22	7	5.1
2004	3	22	8	17.7
2004	3	22	9	18.4
2004	3	22	10	6.9
2004	3	22	11	7.3
2004	3	22	12	9.6
2004	3	22	1	10.4
2004	3	22	2	11.2
2004	3	22	3	10.7
2004	3	22	4	11.6
2004	3	22	5	12.4
2004	3	22	6	18.3
2004	3	22	7	21.0
2004	3	22	8	21.0
2004	3	22	9	14.5
2004	3	22	10	8.4
2004	3	22	11	4.3
2004	3	23	12	3.8
2004	3	23	1	2.7
2004	3	23	2	2.5
2004	3	23	3	1.2
2004	3	23	4	0.8
2004	3	23	5	0.6
2004	3	23	6	1.8
2004	3	23	7	4.6
2004	3	23	8	14.2
2004	3	23	9	21.0
2004	3	23	10	16.2
2004	3	23	11	15.5
2004	3	23	12	13.4
2004	3	23	1	16.9
2004	3	23	2	12.4
2004	3	23	3	10.1
2004	3	23	4	8.7
2004	3	23	5	13.8
2004	3	23	6	9.3
2004	3	23	7	13.0
2004	3	23	8	14.3
2004	3	23	9	7.6
2004	3	23	10	5.3
2004	3	23	11	5.4
2004	3	24	12	4.9
2004	3	24	1	4.6
2004	3	24	2	2.7
2004	3	24	3	1.6
2004	3	24	4	1.7
2004	3	24	5	1.2
2004	3	24	6	1.7
2004	3	24	7	4.8
2004	3	24	8	13.8
2004	3	24	9	23.7
2004	3	24	10	14.2
2004	3	24	11	8.0
2004	3	24	12	6.7
2004	3	24	1	8.7
2004	3	24	2	10.8
2004	3	24	3	6.7
2004	3	24	4	11.4
2004	3	24	5	13.4
2004	3	24	6	12.0
2004	3	24	7	20.2
2004	3	24	8	14.4
2004	3	24	9	9.4
2004	3	24	10	5.9
2004	3	24	11	4.5
2004	3	25	12	4.5
2004	3	25	1	2.5
2004	3	25	2	1.8
2004	3	25	3	1.4
2004	3	25	4	0.9
2004	3	25	5	0.6
2004	3	25	6	1.4
2004	3	25	7	3.8
2004	3	25	8	11.6
2004	3	25	9	17.8
2004	3	25	10	8.8
2004	3	25	11	6.8
2004	3	25	12	5.9
2004	3	25	1	8.9
2004	3	25	2	8.2
2004	3	25	3	8.6
2004	3	25	4	10.1
2004	3	25	5	9.4
2004	3	25	6	14.6
2004	3	25	7	24.6
2004	3	25	8	21.6
2004	3	25	9	10.3
2004	3	25	10	5.7
2004	3	25	11	4.5
2004	3	26	12	5.5
2004	3	26	1	4.8
2004	3	26	2	3.6
2004	3	26	3	1.7
2004	3	26	4	2.2
2004	3	26	5	3.0
2004	3	26	6	4.0
2004	3	26	7	6.7
2004	3	26	8	16.7
2004	3	26	9	19.3
2004	3	26	10	14.8
2004	3	26	11	13.4
2004	3	26	12	11.0
2004	3	26	1	12.5
2004	3	26	2	8.4
2004	3	26	3	5.3
2004	3	26	4	8.8
2004	3	26	5	11.2
2004	3	26	6	11.6
2004	3	26	7	12.4
2004	3	26	8	10.6
2004	3	26	9	6.0
2004	3	26	10	4.6
2004	3	26	11	4.1
2004	3	27	12	5.2
2004	3	27	1	3.2
2004	3	27	2	4.5
2004	3	27	3	3.8
2004	3	27	4	3.8
2004	3	27	5	1.9
2004	3	27	6	2.4
2004	3	27	7	3.3
2004	3	27	8	6.7