9.762700785464950570e-01	4.303787327448389988e+00	2.055267521432877942e+00	8.976636599379368420e-01	-1.526904013221905387e+00	2.917882261333122784e+00	2.814665300002156201e+01
-1.248255774746150237e+00	7.835460015641594111e+00	9.273255210020586503e+00	-2.331169623484445452e+00	5.834500761653291789e+00	5.778983950580887097e-01	8.916849712864990352e+01
1.360891221878645752e+00	8.511932765853220673e+00	-8.579278836042261602e+00	-8.257414005969184956e+00	-9.595632051193485168e+00	6.652396910958760401e+00	1.408071710855380161e+02
5.563135018997009240e+00	7.400242964936381895e+00	9.572366844655281426e+00	5.983171284334471096e+00	-7.704127549413630760e-01	5.610583525729108345e+00	2.090894028947056782e+01
-7.634511482621335610e+00	2.798420426550476847e+00	-7.132934251819071925e+00	8.893378340991677788e+00	4.369664350014339504e-01	-1.706761200189529148e+00	-4.596124288897912891e+01
-4.708887757907460170e+00	5.484673788684332862e+00	-8.769933556690290288e-01	1.368678977372969285e+00	-9.624203991272896275e+00	2.352709941517542092e+00	3.528066843200845426e+01
2.241914454448428629e+00	2.338679937495138361e+00	8.874961570292484225e+00	3.636405982069668141e+00	-2.809841988524279799e+00	-1.259360924013170902e+00	-1.319165034512051804e+01
3.952623918545297599e+00	-8.795490567414603333e+00	3.335334308913353141e+00	3.412757392363188202e+00	-5.792348778523182418e+00	-7.421474046902933885e+00	-1.064614742456369356e+02
-3.691432981516323153e+00	-2.725784581147547847e+00	1.403935408357593673e+00	-1.227969730753592614e+00	9.767476761184525458e+00	-7.959103785039438606e+00	-1.321048853390523448e+01
-5.822464878103305708e+00	-6.773809642300074429e+00	3.062166509307967743e+00	-4.934167949204358194e+00	-6.737845428738751252e-01	-5.111488159967945144e+00	-1.165496703545776214e+01
-6.820608327089605183e+00	-7.792497176713897744e+00	3.126591789305468438e+00	-7.236340973027724388e+00	-6.068352766398930065e+00	-2.625496586780718289e+00	-1.224174680620328459e+01
6.419864596958703373e+00	-8.057974484138775040e+00	6.758898149976076297e+00	-8.078031842120738659e+00	9.529189300267915996e+00	-6.269759670459684742e-01	9.689648164123624952e+00
9.535221763806742246e+00	2.096910394900920238e+00	4.785271587966033024e+00	-9.216244154913585618e+00	-4.343860748471808364e+00	-7.596068775736622314e+00	8.290916762277942098e+01
-4.077196049557101354e+00	-7.625445620915119349e+00	-3.640336412120479537e+00	-1.714740109706600180e+00	-8.717050073024312340e+00	3.849442387400397791e+00	-5.600269416269246392e+01
1.332029084131502117e+00	-4.692210181211091680e+00	4.649610693339933931e-01	-8.121189784831166492e+00	1.518929911123585441e+00	8.585923951524282671e+00	2.876386591309210061e+01
-3.628620950973527215e+00	3.348207599273633761e+00	-7.364042751912156959e+00	4.326544082371309941e+00	-4.211878141055978020e+00	-6.336172759857663372e+00	-1.416286462463907370e+01
1.730258696201662616e+00	-9.597849076250128064e+00	6.578800584347263225e+00	-9.906090476149058688e+00	3.556330735924602138e+00	-4.599840536156703408e+00	6.022261935116047127e+00
4.703880442451897181e+00	9.243770902348764196e+00	-5.024937129600839825e+00	1.523146688356737499e+00	1.840838625436781228e+00	1.445038115817467883e+00	6.321003182775368145e+01
-5.538367347187634238e+00	9.054980230339701563e+00	-1.057492427647453326e+00	6.928173449422555308e+00	3.989585506350085353e+00	-4.051260982897327168e+00	2.394262769675972535e+01
6.275956394049543974e+00	-2.069885183060307554e+00	7.622063942223231692e+00	1.625457452717174789e+00	7.634707237097057231e+00	3.850631801555318035e+00	-2.571210928466454249e+01
4.505085596392810032e+00	2.648763853404467739e-02	9.121672694464479036e+00	2.879803984592747668e+00	-1.522899028836405932e+00	2.127864282558487474e+00	-1.994672678387687625e+01
-9.616136033813329931e+00	-3.968503666509013428e+00	3.203470749853700283e+00	-4.198447855791118677e+00	2.360308579976830856e+00	-1.424625981084677306e+00	4.149275331721646864e-01
-7.290518715550994955e+00	-4.034353480879384612e+00	1.399298214025296971e+00	1.817455224963463678e+00	1.486504976991575688e+00	3.064016397142673043e+00	-5.410498836229378128e+01
3.042065400033777678e+00	-1.371631291320520418e+00	7.930931917021261768e+00	-2.648762599042068899e+00	-1.282701494687463750e+00	7.838467100313440739e+00	1.814798237879364962e+01
6.123879780921715366e+00	4.077771670807326387e+00	-7.995462253753977677e+00	8.389652274893471429e+00	4.284825990982227495e+00	9.976940131357331154e+00	-2.610539255779568890e+01
-7.011033906840125063e+00	7.362521147364283536e+00	-6.750141306472503544e+00	2.311191285676883922e+00	-7.523600343011169755e+00	6.960164586444687274e+00	4.272183017917608083e+01
6.146379174500214759e+00	1.382014772291865867e+00	-1.856334055480006739e+00	-8.616660090897239499e+00	3.948575462891273702e+00	-9.291463464386229276e-01	7.137273881461560165e+01
4.441111989406959282e+00	7.327646518572585421e+00	9.510430100057718050e+00	7.116066847852220434e+00	-9.765718316299960122e+00	-2.800438710432722189e+00	-1.107801344669802290e+00
4.599811248481159964e+00	-6.567406454771189672e+00	4.207321240825852016e-01	-8.913240233214928310e+00	-6.000069502071998073e+00	-9.629564110787720566e+00	1.219926377277871943e+01
5.873954067148412506e+00	-5.521506238792397880e+00	-3.092966386061945627e+00	8.561625869311818349e+00	4.088288038470654584e+00	-9.363221409373842619e+00	-1.041034309955219044e+02
-6.706116870041745059e+00	2.429568029995269995e+00	1.544571772083351391e+00	-5.242143572509827543e+00	8.684279958495874752e+00	2.279319119317920084e+00	7.005797277853665150e+01
7.126560604991656334e-01	1.798199527091419725e+00	4.602440590335392656e+00	-3.761100090407962782e+00	-2.035578755678162821e+00	-5.803125020497557074e+00	4.071329684958709549e+01
-6.276139882393277247e+00	8.887447799678671601e+00	4.791015900985751585e+00	-1.908238276486589058e-01	-5.451707440533535731e+00	-4.912870364592141215e+00	8.151362081829731210e+01
-8.839416793522488547e+00	-1.311667488837585438e+00	-3.764082360117948056e+00	3.926869776309189319e+00	-2.444963214150382314e+00	-6.407926448807303998e+00	-4.435326133532458215e+01
-9.506425432173376322e+00	-8.655007370735027905e+00	3.587855469971346523e+00	-9.260631088790933774e-01	7.315842221744439655e-01	7.933425860806842422e+00	-7.133797952702084899e+01
9.806778947934088109e+00	-5.662060312030520848e+00	3.261564062002015874e+00	-4.733552465256987141e+00	-9.586980010685426379e+00	5.167573076722828063e+00	-2.260489697465441594e+00
-3.599656983550643119e+00	-2.330722116562040647e+00	1.766342271072113945e+00	6.620969104723808840e+00	2.579636871822973632e+00	7.453013108947907028e+00	-6.416051666133887466e+01
-4.529159303687285032e+00	5.960936678251274046e+00	-6.287281113880956340e+00	9.055833139438892232e+00	3.749765527756306227e+00	-5.689846457728831020e+00	-1.570333855006205326e+01
8.947411809778486713e+00	4.617116135403156463e+00	-4.921167148099483413e+00	-5.733760452650360051e+00	3.640142786132649633e-01	-9.486745638909368949e+00	8.742412883983128324e+01
-5.850598491177811944e+00	-1.506290624969874870e+00	-2.516600393315489015e+00	-7.284915127037869809e-01	-4.447425874105361387e+00	1.735686929163374970e+00	-1.207299138930651594e+01
7.277112118464629020e+00	-7.649362880759338346e+00	3.475821430822829683e-01	-7.358637873096933291e+00	4.337193623851874236e+00	-2.078805943854124649e+00	-9.684437934396173731e+00
1.308426237170179363e+00	-6.334403275718427651e+00	-7.103044813132455282e+00	-2.388743870209086850e-01	-2.887745243000887641e+00	8.808638905056259460e+00	-5.165197635258103759e+01
5.306505076139305999e+00	4.973272397010946477e+00	8.074394794918667628e+00	-8.331551291159629002e+00	1.043849398448131183e+00	1.689521379115376476e+00	1.117450945815039063e+02
9.238727570944579526e+00	-4.157049464149022988e+00	-5.183424401691063110e+00	-7.994121154690043696e+00	-9.671407408170516362e+00	8.590586335843809707e+00	3.928715986017197537e+01
3.398330931818200895e+00	5.703058240462755890e+00	-4.365397884921017990e+00	1.728203323726534180e+00	-8.720894677580377063e+00	-2.874480813075415142e-01	2.307794465630939840e+01
9.549902794888936342e+00	7.530104906331814618e+00	-3.236820963263086881e+00	9.231403090829971347e+00	-5.365967470575910170e+00	8.986376448313627918e+00	-4.060482681096317492e+00
8.827554094129972384e+00	5.984051747047834269e+00	2.608958737335822065e+00	7.485759332498940211e+00	-4.139594309844065734e+00	6.978871106258363710e+00	-5.034789577350483825e+00
2.357533838350477140e+00	-9.735262844822010209e+00	-3.055329641355609027e+00	-7.037182781036699808e+00	9.636587796365063241e+00	-4.325938592002387395e-01	-2.862182329131918124e+01
-5.217269002674562728e-02	2.789450327974471122e+00	-2.628307877407650039e+00	-7.261994566288021424e+00	6.442354663884909627e+00	-6.203041761944840360e+00	8.320100948207439728e+01
2.263796509291200465e-01	-5.513659420505215181e+00	-8.043110310119319095e+00	7.243830348433665023e+00	9.458389780462606922e+00	9.216693161260003819e+00	-9.260152837104843115e+01
8.131109984423577686e+00	5.480946653972775806e+00	-3.337096959427161558e+00	-8.377972200240064282e+00	-1.855176571723852419e+00	-5.355317156581145710e+00	1.024933786334626546e+02
-7.350247304840340945e+00	-8.931456364263494763e+00	4.511887284211574922e+00	-9.771450827499378988e+00	5.411614970055524054e+00	-7.061067091992498490e+00	1.123184299009864873e+01
-8.409558348264884131e+00	-8.207939315227893218e+00	3.440956147078289007e+00	-5.092655802943104604e+00	-1.589210666398031435e+00	1.147375826478338467e+00	-3.001492390122141529e+01
7.211023476575874724e+00	4.540885254226566303e+00	-4.593441895225707228e+00	-7.370344014177447889e+00	-8.892513591576040710e+00	-3.968027310381150308e+00	8.639732055565607993e+01
-4.757637015206435116e+00	-8.771886639904060701e-01	3.665626710953608480e+00	3.912508912777143522e+00	-4.329623068356667659e+00	-2.401460881997589780e+00	-4.071904149613799007e+01
-6.376980765261938799e+00	5.770910246130373622e+00	-8.863038471335194401e+00	3.939944834499746307e+00	5.573907918822067487e+00	5.548151236975062517e+00	5.784684821709824121e+00
-4.811548713092901330e+00	-2.523737241348770866e+00	1.751992703927779615e+00	-4.543561951510659114e+00	-2.582944015642225644e+00	-6.058914396287207182e+00	1.357565366565287945e+01
-8.028823248798531154e-01	-9.107753974917718764e+00	5.995917691412360639e+00	-8.460871060267345811e+00	3.767029766305203253e-01	-3.863798009096077735e+00	-1.428281729212070239e+01
1.550858976627509378e+00	9.188666816668501269e+00	2.911404889120078110e+00	-9.292751284890181651e+00	-1.391951209838776293e+00	2.003370463650036015e-01	1.507627497015895415e+02
7.235498940690394676e-01	3.627850212076758396e+00	-4.448078045364677990e+00	-7.422788690673596257e+00	-2.146486469058112689e+00	9.128114455918975523e+00	8.098232253132923120e+01
-6.257382164983105177e+00	8.079679098564739093e+00	8.761190015465274428e-01	-8.617715670846841647e-01	7.640828204597791995e+00	-8.279207646282831234e-01	7.070368456056709761e+01
4.483352732230866167e+00	-2.019493565937960255e+00	8.080887858019153214e+00	3.800500403824546680e+00	3.992441085010334234e+00	-3.445591968857621978e+00	-4.275945135427551236e+01
5.135572854737784354e+00	2.721221108942826206e+00	-5.199594532405809488e+00	-6.789223550294871679e+00	5.927829490346635311e+00	9.183332060704451294e+00	7.880477838284441816e+01
-8.372234547991439513e-01	1.819683306473699247e+00	7.154452883871091018e+00	-8.555309329228588666e-01	9.037489536654724986e+00	1.515023240897448886e+00	3.043920345182718989e+01
6.415342414026298457e+00	8.176874368254768655e+00	6.310476375371376179e+00	-6.811710731020880871e+00	2.577968781234007523e+00	-2.031314827606458095e+00	1.178773659665987452e+02
-8.745740959533085501e+00	-1.519354962203161463e+00	-4.826318662211845911e+00	6.980766168570216479e+00	-9.333907469066076601e+00	9.179654437269469724e+00	-7.733487651525310014e+01
-2.892623030561408015e+00	-2.865862191949142712e+00	-9.673429946325843076e+00	-6.295353495276321709e+00	-1.974809983927825030e+00	8.585828346054277915e+00	2.114057693134110849e+01
-8.007701395574573056e+00	8.906030669581589621e+00	7.389770610932643535e+00	-9.167520618489639617e-01	-3.465982364634799140e+00	-5.345117414418862900e+00	7.323714443702556309e+01
2.289294129537486455e+00	-9.338508170489888016e+00	-9.687878711063435233e+00	-1.424085550035243841e+00	-8.638518520505595433e+00	-4.961180235078142431e+00	-7.195389948414275239e+01
-5.576781693078323165e+00	-4.936176125542961479e+00	-7.378895375694844994e+00	-9.759275542046914609e+00	-7.690314057225037914e+00	2.369605190254958416e+00	2.882551978998471043e+01
9.485124256361004313e+00	9.806900031217878677e+00	-1.818918092538767795e+00	-6.740911479067892564e+00	2.775235147330585406e+00	-1.938930690252576028e-01	1.351577272296167678e+02
9.788195545688630261e+00	-8.693915856964395061e+00	5.664688766276261944e+00	-4.232030053370121614e+00	-5.171627598468520048e+00	3.250091430653519353e+00	-2.590689088306555732e+01
-5.078736300180710650e+00	3.317182351183753042e+00	3.461703440457757353e-01	-1.518220231283013533e+00	1.093756173228380035e+00	-4.258969601607405231e+00	3.360448435955342461e+01
4.131494125459578726e+00	-1.702862613328719021e+00	-2.789088790282154839e+00	6.573138291114755560e+00	8.499338239063842337e+00	-9.079853782254062367e+00	-7.528786101780185902e+01
-5.347460143404689781e+00	-3.029612610148735286e+00	6.299329587404947972e+00	9.709828552865950257e+00	9.379434093407034823e+00	8.098966910998537827e+00	-9.253609521071044242e+01
-4.068874698719402438e+00	9.840224868289482174e+00	-5.011599178870975280e+00	-7.881876902355355874e+00	9.019052221107880740e+00	-5.331594890638074347e+00	1.507958663862665674e+02
3.795365301555008841e+00	-8.832872820388226742e+00	4.614181982549522942e+00	7.634404246676794514e+00	-4.551262090680749495e+00	-2.418862078451429198e+00	-1.279428512349651470e+02
-2.514076333581678924e+00	4.975765150802661907e+00	-5.243855149219223577e+00	-6.562938019047139804e+00	-1.014167026245239356e+00	-3.910631852453610335e+00	8.706577020957918478e+01
6.783782445173049069e+00	-5.245163479687224850e+00	4.778914978522941226e-02	8.851671993958607487e+00	2.679953954893214529e+00	7.345788109249294706e+00	-1.100947298342734371e+02
8.804193787095346835e+00	5.015297237727038393e+00	3.991501204495026656e+00	9.359311332084541135e+00	9.888015792953588345e+00	-9.635663466048072223e-01	-2.539280142277548080e+01
-8.582604436315833141e+00	-4.144119371189622925e+00	-6.952905886245391187e+00	-1.650272504079763891e+00	-7.374213430534879876e+00	2.082356080417639532e+00	-2.690368082312426168e+01
-2.343838816842918504e+00	7.907717685764200866e+00	9.355893435970038752e+00	9.376980333884432639e-01	-4.503528602648067647e+00	1.844608375236735043e+00	5.341631840216314231e+01
7.935223164488196090e+00	-1.865333083285033666e+00	1.041565533839417412e+00	-4.566944647877082986e+00	-8.911170109994603905e-01	-1.965729292408028073e+00	2.265445805057581197e+01
-5.031730698340579622e+00	1.173276765061679328e-01	-3.792383480403771046e+00	-2.539302722385050615e+00	4.994088450852842698e-01	5.011900458579749085e+00	2.137037086763591631e+01
-3.329850684174493480e+00	8.483175332415271441e+00	7.246370936718047773e+00	-9.026194080489428728e+00	-4.927149514863544688e+00	-1.077289746815960569e+00	1.367451046190631132e+02
-7.907442225150518311e+00	-3.030480219330058844e+00	4.801950512353649003e+00	3.610289622856516445e+00	2.447688571320096429e+00	4.210568054446913067e+00	-4.891559068304569280e+01
-5.901526260805964874e+00	-3.166037702705358114e+00	3.524849645549256394e+00	7.584695260626542535e+00	8.735610765619039597e-01	-4.346006981089267640e+00	-9.190738996746117095e+01
-9.395294839880348192e+00	4.206736579484267935e+00	-9.842317929831192913e+00	-2.546418603580089979e+00	6.107442912556351189e-01	8.442229235343859273e+00	4.462994662463451334e+01
-8.210109099341998729e+00	-1.881153560634325927e+00	-9.513736005796843642e+00	-3.147780313168193622e+00	2.444621176795898521e+00	-4.418641035428032993e+00	5.714372984842908565e+00
-5.805001006887298587e+00	-7.685935333458127516e+00	1.542804880406835721e+00	3.905400118093719897e+00	3.439142811916447329e+00	8.977220414410147953e+00	-8.929154080049832487e+01
-9.945935722129945589e+00	2.943933077880720006e+00	2.007844741952791168e+00	1.774792199405762716e+00	9.255406396804847446e+00	-9.662566532599205615e+00	1.860853342460450577e+01
3.929648614029002118e+00	6.273572994037269979e+00	1.961439324316831545e-01	-3.320702608063816896e+00	5.816803264548099150e+00	-8.055141487351507479e+00	8.302777781084596143e+01
-1.159287245401493749e+00	3.990474914167645437e-01	3.879128218690951257e+00	-8.182285359351810783e+00	-5.444809969242781378e+00	-1.793968746197487363e+00	6.904971029756536893e+01
2.465893460402613258e+00	7.739215624348350531e+00	2.376523364827530571e+00	-7.330770581301311317e+00	9.611602655745649315e+00	7.435714695109858496e+00	1.132291190638959932e+02
5.441522290648137528e-02	8.446959635932660859e+00	8.276158751427153959e-01	8.466121357783261914e+00	6.597947372066862215e+00	9.365728205885947233e+00	8.293665861127852423e+00
8.395656215563167990e+00	-9.279323651428610376e+00	-6.504559916781200712e+00	-2.217306457976285117e+00	9.042853945908415625e+00	-3.999421610481408429e+00	-4.745328360171018289e+01
-6.790647122247978729e+00	7.726093321731198671e+00	-1.072111690335940892e+00	8.157511887086521085e+00	-6.795390673597134779e+00	3.222350230161989515e+00	-4.523460213178520206e+00
-1.194724943410163220e+00	-8.470264619394292538e+00	3.929262893050012195e+00	-5.052024889216926162e+00	-9.207689548409645042e+00	-8.801114035008534842e+00	-3.655360738982857782e+01
-8.778429258664253609e+00	8.154659149700790977e+00	4.797678356582020243e+00	7.961247144274700815e+00	3.451646225930426581e+00	5.787985806176632053e-01	4.998942269339147870e+00
-3.911072713052434757e+00	9.959245026573469772e+00	-2.756218821212213399e+00	-5.870210157218096469e-01	-2.435096501530765067e+00	9.590538586709172364e+00	8.193503183683147029e+01
