29 157
9400 1 9                                                       
10000 2 11 9                                                   
11600 4 18 13 11 9                                             
10600 4 19 16 11 9                                             
10000 2 14 9                                                   
10650 3 9 20 14                                                
10000 2 17 9                                                   
10000 2 15 9                                                   
10600 3 9 20 15                                                
9400 1 18                                                      
10000 2 25 18                                                  
10000 2 22 18                                                  
6800 1 10                                                      
7400 2 14 10                                                   
8000 3 10 20 14                                                
10800 3 1 14 10                                                
7400 2 17 10                                                   
7400 2 15 10                                                   
8000 3 10 20 15                                                
10800 3 1 15 10                                                
6800 1 8                                                       
7400 2 12 8                                                    
9000 4 19 16 12 8                                              
7400 2 11 8                                                    
9000 4 18 13 11 8                                              
10400 3 2 11 8                                                 
9050 4 19 16 11 8                                              
9800 2 2 8                                                     
7400 2 14 8                                                    
8050 3 8 20 14                                                 
7400 2 17 8                                                    
7400 2 15 8                                                    
8000 3 8 20 15                                                 
6800 1 19                                                      
7400 2 25 19                                                   
7400 2 22 19                                                   
10100 2 2 19                                                   
5800 2 18 7                                                    
6400 3 25 7 18                                                 
11200 4 18 7 25 29                                             
10600 3 3 18 7                                                 
6400 3 22 7 18                                                 
11250 4 7 18 29 22                                             
9100 3 2 7 18                                                  
5800 1 7                                                       
10600 2 7 29                                                   
9800 2 3 7                                                     
5800 1 5                                                       
6400 2 22 5                                                    
11200 3 5 29 22                                                
9100 2 2 5                                                     
5800 2 21 5                                                    
9800 3 5 26 21                                                 
10600 3 5 21 29                                                
7400 2 1 5                                                     
3400 1 6                                                       
4000 3 19 16 6                                                 
4600 4 25 6 19 16                                              
8800 4 3 6 19 16                                               
4600 4 22 6 19 16                                              
8300 4 2 16 6 19                                               
11500 4 4 6 19 16                                              
10600 3 4 16 6                                                 
3400 2 19 6                                                    
4000 3 25 6 19                                                 
8800 4 19 6 25 29                                              
8200 3 3 19 6                                                  
4000 3 22 6 19                                                 
8800 4 6 19 29 22                                              
6700 3 2 6 19                                                  
10900 3 4 19 6                                                 
8200 2 6 29                                                    
9800 2 4 6                                                     
1600 1 12                                                      
2200 3 19 16 12                                                
8800 3 4 12 16                                                 
1600 1 11                                                      
2200 3 18 13 11                                                
10700 4 4 11 13 18                                             
6400 3 3 13 11                                                 
6400 2 11 13                                                   
4600 2 2 11                                                    
2200 3 19 16 11                                                
10700 4 4 11 16 19                                             
8800 3 4 16 11                                                 
4000 1 2                                                       
1600 1 14                                                      
2200 3 21 20 14                                                
5000 3 1 20 14                                                 
3200 2 23 14                                                   
7400 2 3 14                                                    
2200 2 22 14                                                   
9100 2 4 14                                                    
1600 1 17                                                      
3200 2 24 17                                                   
2200 2 23 17                                                   
3200 2 25 17                                                   
6700 2 3 17                                                    
2200 2 22 17                                                   
9100 2 4 17                                                    
1600 1 15                                                      
2200 3 21 20 15                                                
4000 3 1 20 15                                                 
2200 2 24 15                                                   
2200 2 23 15                                                   
2200 2 25 15                                                   
6400 2 3 15                                                    
2200 2 22 15                                                   
5900 2 2 15                                                    
9100 2 4 15                                                    
1600 2 18 13                                                   
2200 3 25 13 18                                                
6400 3 3 18 13                                                 
2200 3 22 13 18                                                
4900 3 2 13 18                                                 
9100 3 4 18 13                                                 
5800 2 3 13                                                    
5800 1 13                                                      
1600 2 19 16                                                   
2200 3 25 16 19                                                
6400 3 3 19 16                                                 
2200 3 22 16 19                                                
11800 4 16 19 27 22                                            
4900 3 2 16 19                                                 
9100 3 4 19 16                                                 
8200 2 4 16                                                    
10600 1 16                                                     
11850 3 19 28 25                                               
8000 3 19 25 29                                                
11800 3 19 28 22                                               
8000 3 19 29 22                                                
1600 2 21 20                                                   
5600 3 20 21 26                                                
11200 3 20 21 27                                               
11200 3 20 21 28                                               
6400 3 20 21 29                                                
3400 2 1 20                                                    
10600 1 20                                                     
1600 1 24                                                      
11200 2 24 28                                                  
6400 2 24 29                                                   
1600 1 23                                                      
11200 2 23 28                                                  
6400 2 23 29                                                   
1600 1 25                                                      
11200 2 28 25                                                  
6400 2 25 29                                                   
1600 1 22                                                      
11200 2 27 22                                                  
11200 2 28 22                                                  
6400 2 29 22                                                   
5000 1 26                                                      
10600 1 27                                                     
10600 1 28                                                     
5800 1 29                                                      
8200 1 4                                                       
5800 1 3                                                       
